0   90   f     78.00  78.00  78.00  78.00  78.00
10000   jkj   f     89.00  89.00  89.00  89.00  89.00
10222   fafasdf   
     77.00  77.00  77.00  77.00  77.00
10002   ooo   f     88.00   8.00   8.00   8.00   8.00
10004   maitian   f     27.00  72.00  87.00  57.00  77.00
10004   io   f     12.00  34.00   4.00   5.00   6.00
10005   baobei   m     90.00  97.00  32.00  23.00  39.00
10011   GOOOG   m     90.00  80.00  80.00  80.00   7.00
10020   cafdfa   m     18.00  23.00  34.00   5.00   6.00
12222   vyy   m     89.00  89.00  89.00  89.00  89.00
13333   chenyeeeee   m     89.00  98.00  98.00  98.00  98.00
17725   xuqiqi   f      0.00   0.00   0.00   0.00   0.00
17777   ui   f     67.00  67.00  67.00  67.00  67.00
18888   878   f     78.00  78.00  78.00  78.00  78.00
